3614112
4283579
118231
2297255
634975
34965
617412
3535866
2848523
3532990
1424007
2407841
5277313
48260
1736298
3938337
1140467
3257716
2226994
679087
1205649
3024702
3487615
1559539
4023135
3823702
1258236
3946872
2122730
4686903
2706699
2148688
4095292
3055108
3916766
3624775
3956419
3986075
3974143
3951331
2880693
3978420
4226775
4048592
2293969
3993369
3689692
3990253
2727017
164376
3998648
3961980
4013836
3986245
3922416
821171
4055124
3986666
2091551
1528842
2239978
1281941
1590997
3968512
893487
3883674
2249756
321900
3862053
3983971
3649788
2553894
1481142
5154966
1784067
3437051
3104300
2390619
3171285
3976036
212866
1953754
3981747
5132964
1431540
2936126
3971387
3913890
3892640
2533095
2532434
815050
2250487
3848208
2844566
2999836
3908260
1410451
3925512
1583734
