282958
286626
519413
523578
626739
543245
555217
280414
288850
282568
285753
285083
403283
283450
284121
283570
306202
294099
285133
281085
289591
279442
439360
290272
521647
283310
284832
281736
279803
283570
285984
279352
277929
296745
280764
278661
527475
462564
305230
283550
278681
530701
277969
310591
281476
282037
280334
277980
284040
303056
283250
277949
303868
292356
281166
278220
282197
280133
279652
451834
280464
280143
280784
280615
445302
556449
504572
1567256
495756
556340
429851
280744
296063
278780
280254
282027
351837
292076
515153
562611
518609
523558
658600
491990
278651
304720
346978
278470
278219
279702
280614
489084
325649
279542
279271
304068
279182
280864
280744
278650
