4819964
5615780
6218096
6601583
8398580
6952768
5353411
5082685
5132978
5192901
4917787
5141755
4801260
5081924
5291104
4833619
5434292
4930662
4874436
4940189
4900014
4712223
4853868
4609001
5051207
4675565
4718485
5046437
5096681
4844179
4778985
4558607
4919480
4817771
4877752
5965254
5685802
4989792
4833479
5068889
5276868
4960538
4814214
4980244
4722342
4747940
4742640
5250218
4728934
4673320
5059552
4870659
4954215
5124513
4980184
4659445
4650648
4497663
4800628
4895295
5605211
4834692
4638936
4958463
6060101
6382613
6375039
7260203
5939656
5734092
4568054
4960287
4701882
4967390
4801961
5010669
5094938
8138063
7760187
6294039
5790638
6910560
5348502
4911615
5341779
5698626
4751797
4539861
4658543
4668742
5793834
5067747
4773127
4648845
4877752
4772737
4803303
4663141
4781402
4795559
